0,58.2057
1,58.8621
2,60.8315
3,64.1138
4,68.0525
5,69.5842
6,65.8643
7,60.1751
8,67.1772
9,64.5514
10,65.8643
11,66.0832
0,64.3326
1,63.0197
2,61.2691
3,60.6127
4,61.0503
5,58.8621
6,58.4245
7,61.7068
8,61.2691
9,57.9869
10,60.1751
11,2.407
12,2.407
13,2.407
14,2.407
15,2.407
16,2.407
17,2.407
18,2.407
19,2.407
20,2.407
21,2.407
22,2.407
23,2.407
24,2.407
25,2.407
26,2.407
27,2.407
28,2.407
29,2.407
30,2.407
31,2.407
32,2.407
33,2.407
34,2.407
35,2.407
36,2.407
37,2.407
38,2.407
39,2.407
40,2.407
41,2.407
42,2.407
43,2.407
44,2.407
45,2.407
46,2.407
47,2.407
48,2.407
49,2.407
50,2.407
51,2.407
52,2.407
53,2.407
54,2.407
55,2.407
56,2.407
57,2.407
58,2.407
59,2.407
60,2.407
61,2.407
62,2.407
63,2.407
64,2.407
65,2.407
66,2.407
67,2.407
68,2.407
69,2.407
70,2.407
71,2.407
72,2.407
73,2.407
74,2.407
75,2.407
76,2.407
77,2.407
78,2.407
79,2.407
80,2.407
81,2.407
82,2.407
83,2.407
84,2.407
85,2.407
86,2.407
87,2.407
88,2.407
89,2.407
90,2.407
91,2.407
92,2.407
93,2.407
0,63.4573
1,63.895
2,65.2079
3,63.6761
4,65.2079
5,62.3632
0,61.2691
1,62.8009
2,61.7068
3,64.9891
4,64.7702
5,65.8643
6,64.9891
7,62.5821
8,65.8643
9,66.9584
10,63.2385
11,66.7396
12,66.5208
13,65.6455
14,66.7396
15,65.6455
16,64.3326
17,64.1138
18,65.2079
19,65.6455
20,64.9891
21,64.7702
22,64.5514
23,65.4267
24,65.6455
25,63.6761
26,64.7702
27,64.1138
28,64.3326
29,64.5514
30,64.3326
31,64.7702
32,65.2079
33,63.2385
34,63.4573
35,64.7702
36,64.7702
37,64.1138
38,64.1138
39,64.1138
40,62.8009
41,63.6761
42,63.2385
0,65.8643
1,65.8643
2,64.1138
3,64.1138
4,63.6761
5,62.1444
0,51.6411
0,61.2691
0,62.3632
1,64.3326
2,63.4573
3,62.1444
4,61.2691
0,66.302
1,66.302
2,64.1138
3,64.3326
4,63.4573
0,60.8315
1,62.3632
2,63.895
3,66.5208
4,66.9584
5,66.7396
6,66.302
7,66.302
8,66.302
9,66.0832
0,45.5142
1,54.267
2,58.2057
3,60.8315
4,61.7068
5,62.3632
6,63.6761
7,65.4267
8,65.4267
9,65.8643
10,66.0832
11,66.9584
12,67.1772
13,67.6149
14,68.2713
15,68.2713
16,68.2713
17,68.0525
18,68.0525
19,68.0525
20,68.2713
21,68.2713
22,68.0525
23,68.0525
24,68.0525
25,68.0525
26,68.2713
27,68.2713
28,68.2713
29,68.2713
30,68.0525
31,67.8337
32,67.6149
33,67.6149
34,67.6149
35,67.3961
36,67.3961
37,67.3961
38,67.3961
39,67.3961
40,67.3961
41,67.3961
42,67.3961
43,67.3961
44,67.3961
45,67.3961
46,67.3961
47,67.3961
48,67.1772
49,67.1772
0,46.8271
1,57.1116
2,60.1751
3,60.1751
4,61.9256
5,62.1444
6,62.5821
7,63.6761
8,64.7702
9,65.8643
10,66.0832
11,66.302
12,66.9584
13,66.302
14,66.7396
15,66.5208
16,66.302
17,66.7396
18,66.7396
19,66.9584
20,66.9584
21,66.9584
22,66.5208
23,66.302
24,66.9584
25,66.9584
26,66.7396
27,66.9584
28,66.7396
29,66.7396
30,66.7396
31,66.5208
32,66.7396
33,66.7396
34,66.5208
0,28.0088
1,29.5405
